8.618082 1.753634
8.622447 1.751650
8.626812 1.749665
8.631175 1.747678
8.635537 1.745691
8.639898 1.743702
8.644258 1.741713
8.648617 1.739722
8.652975 1.737730
8.657331 1.735737
8.661687 1.733744
8.666041 1.731749
8.670395 1.729753
8.674747 1.727755
8.679098 1.725757
8.683448 1.723758
8.687797 1.721758
8.692145 1.719757
8.696492 1.717754
8.700838 1.715751
8.705183 1.713747
8.709527 1.711742
8.713869 1.709735
8.718211 1.707728
8.722552 1.705720
8.726892 1.703710
8.731230 1.701700
8.735568 1.699689
8.739905 1.697677
8.744240 1.695663
8.748575 1.693649
8.752908 1.691634
8.757241 1.689618
8.761573 1.687601
8.765904 1.685583
8.770233 1.683564
8.774562 1.681544
8.778890 1.679524
8.783217 1.677502
8.787543 1.675479
8.791868 1.673456
8.796192 1.671431
8.800515 1.669406
8.804837 1.667380
8.809158 1.665353
8.813478 1.663325
8.817798 1.661296
8.822116 1.659266
8.826434 1.657236
8.830750 1.655204
8.835066 1.653172
8.839381 1.651139
8.843695 1.649105
8.848008 1.647070
8.852320 1.645034
8.856631 1.642997
8.860942 1.640960
8.865251 1.638922
8.869560 1.636883
8.873868 1.634843
8.878175 1.632802
8.882481 1.630761
8.886787 1.628719
8.891091 1.626676
8.895395 1.624632
8.899698 1.622587
8.904000 1.620542
8.908301 1.618496
8.912601 1.616449
8.916901 1.614401
8.921200 1.612353
8.925498 1.610304
8.929795 1.608254
8.934092 1.606203
8.938387 1.604152
8.942682 1.602099
8.946976 1.600047
8.951270 1.597993
8.955562 1.595939
8.959854 1.593884
8.964145 1.591828
8.968436 1.589772
8.972725 1.587715
8.977014 1.585657
8.981302 1.583598
8.985590 1.581539
8.989876 1.579480
8.994162 1.577419
8.998448 1.575358
9.002732 1.573296
9.007016 1.571234
9.011299 1.569171
9.015582 1.567107
9.019864 1.565043
9.024145 1.562978
9.028425 1.560912
9.032705 1.558846
9.036984 1.556779
9.041262 1.554711
9.045540 1.552643
9.049817 1.550575
9.054094 1.548505
9.058370 1.546436
9.062645 1.544365
9.066919 1.542294
9.071193 1.540223
9.075467 1.538150
9.079740 1.536078
9.084012 1.534004
9.088283 1.531931
9.092554 1.529856
9.096824 1.527781
9.101094 1.525706
9.105363 1.523630
9.109632 1.521553
9.113900 1.519476
9.118167 1.517399
9.122434 1.515321
9.126700 1.513242
9.130966 1.511163
9.135231 1.509084
9.139496 1.507004
9.143760 1.504923
9.148023 1.502842
9.152286 1.500761
9.156549 1.498679
9.160811 1.496596
9.165072 1.494513
9.169333 1.492430
9.173593 1.490346
9.177853 1.488262
9.182113 1.486177
9.186372 1.484092
9.190630 1.482007
9.194888 1.479921
9.199146 1.477834
9.203403 1.475748
9.207659 1.473660
9.211915 1.471573
9.216171 1.469485
9.220426 1.467396
9.224681 1.465308
9.228935 1.463219
9.233189 1.461129
9.237442 1.459039
9.241695 1.456949
9.245948 1.454858
9.250200 1.452767
9.254451 1.450676
9.258703 1.448584
9.262954 1.446492
9.267204 1.444400
9.271454 1.442307
9.275704 1.440214
9.279953 1.438121
9.284202 1.436027
9.288451 1.433933
9.292699 1.431839
9.296947 1.429745
9.301194 1.427650
9.305441 1.425555
9.309688 1.423459
9.313934 1.421364
9.318181 1.419268
9.322426 1.417172
9.326672 1.415075
9.330917 1.412978
9.335162 1.410881
9.339406 1.408784
9.343650 1.406687
9.347894 1.404589
9.352138 1.402491
9.356381 1.400393
9.360624 1.398295
9.364866 1.396196
9.369109 1.394097
9.373351 1.391998
9.377593 1.389899
9.381834 1.387800
9.386076 1.385700
9.390317 1.383600
9.394558 1.381500
9.398798 1.379400
9.403039 1.377300
9.407279 1.375199
9.411518 1.373099
9.415758 1.370998
9.419997 1.368897
9.424237 1.366796
9.428476 1.364695
9.432714 1.362594
9.436953 1.360492
9.441191 1.358391
9.445430 1.356289
9.449668 1.354187
9.453905 1.352085
9.458143 1.349983
9.462381 1.347881
9.466618 1.345779
9.470855 1.343677
9.475092 1.341574
9.479329 1.339472
9.483565 1.337369
9.487802 1.335267
9.492038 1.333164
9.496275 1.331062
9.500511 1.328959
9.504747 1.326856
9.508983 1.324753
9.513219 1.322650
9.517454 1.320548
9.521690 1.318445
9.525925 1.316342
9.530161 1.314239
9.534396 1.312136
9.538631 1.310033
9.542866 1.307930
9.547101 1.305827
9.551336 1.303724
9.555571 1.301621
9.559806 1.299519
9.564041 1.297416
9.568276 1.295313
9.572511 1.293210
9.576745 1.291108
9.580980 1.289005
9.585215 1.286902
9.589449 1.284800
9.593684 1.282697
9.597918 1.280595
9.602153 1.278493
9.606388 1.276390
9.610622 1.274288
9.614857 1.272186
9.619091 1.270084
9.623326 1.267982
9.627560 1.265881
9.631795 1.263779
9.636030 1.261677
9.640265 1.259576
9.644499 1.257475
9.648734 1.255374
9.652969 1.253273
9.657204 1.251172
9.661439 1.249071
9.665674 1.246970
9.669909 1.244870
9.674144 1.242770
9.678379 1.240670
9.682615 1.238570
9.686850 1.236470
9.691086 1.234371
9.695321 1.232271
9.699557 1.230172
9.703793 1.228073
9.708029 1.225975
9.712265 1.223876
9.716501 1.221778
9.720737 1.219680
9.724974 1.217582
9.729210 1.215484
9.733447 1.213387
9.737684 1.211290
9.741921 1.209193
9.746158 1.207096
9.750396 1.205000
9.754633 1.202904
9.758871 1.200808
9.763109 1.198712
9.767347 1.196617
9.771585 1.194522
9.775824 1.192427
9.780062 1.190333
9.784301 1.188239
9.788540 1.186145
9.792780 1.184051
9.797019 1.181958
9.801259 1.179865
9.805499 1.177773
9.809739 1.175680
9.813979 1.173589
9.818220 1.171497
9.822461 1.169406
9.826702 1.167315
9.830944 1.165225
9.835185 1.163134
9.839427 1.161045
9.843669 1.158955
9.847912 1.156866
9.852155 1.154778
9.856398 1.152689
9.860641 1.150602
9.864885 1.148514
9.869129 1.146427
9.873373 1.144340
9.877618 1.142254
9.881863 1.140168
9.886108 1.138083
9.890353 1.135998
9.894599 1.133914
9.898846 1.131830
9.903092 1.129746
9.907339 1.127663
9.911586 1.125580
9.915834 1.123498
9.920082 1.121416
9.924330 1.119335
9.928579 1.117254
9.932828 1.115173
9.937078 1.113094
9.941327 1.111014
9.945578 1.108935
9.949828 1.106857
9.954079 1.104779
9.958331 1.102702
9.962583 1.100625
9.966835 1.098549
9.971088 1.096473
9.975341 1.094397
9.979594 1.092323
9.983848 1.090249
9.988103 1.088175
9.992358 1.086102
9.996613 1.084029
10.000869 1.081957
10.005125 1.079886
10.009382 1.077815
10.013639 1.075745
10.017897 1.073675
10.022155 1.071606
10.026414 1.069538
10.030673 1.067470
10.034932 1.065403
10.039192 1.063336
10.043453 1.061270
10.047714 1.059205
10.051976 1.057140
10.056238 1.055076
10.060501 1.053012
10.064764 1.050949
10.069028 1.048887
10.073292 1.046826
10.077557 1.044765
10.081822 1.042705
10.086088 1.040645
10.090355 1.038586
10.094622 1.036528
10.098889 1.034470
10.103157 1.032414
10.107426 1.030357
10.111696 1.028302
10.115966 1.026247
10.120236 1.024193
10.124507 1.022140
10.128779 1.020087
10.133051 1.018035
10.137324 1.015984
10.141598 1.013934
10.145872 1.011884
10.150147 1.009835
10.154423 1.007787
10.158699 1.005740
10.162975 1.003693
10.167253 1.001647
10.171531 0.999602
10.175810 0.997558
10.180089 0.995514
10.184369 0.993472
10.188650 0.991430
10.192931 0.989389
10.197213 0.987348
10.201496 0.985309
10.205780 0.983270
10.210064 0.981232
10.214349 0.979195
10.218634 0.977159
10.222920 0.975123
10.227207 0.973089
10.231495 0.971055
10.235784 0.969022
10.240073 0.966990
10.244363 0.964959
10.248653 0.962929
10.252945 0.960899
10.257237 0.958871
10.261530 0.956843
10.265824 0.954816
10.270118 0.952790
10.274413 0.950765
10.278709 0.948741
10.283006 0.946718
10.287304 0.944696
10.291602 0.942674
10.295901 0.940654
10.300201 0.938634
10.304502 0.936616
10.308803 0.934598
10.313106 0.932582
10.317409 0.930566
10.321713 0.928551
10.326018 0.926537
10.330324 0.924524
10.334630 0.922512
10.338937 0.920502
10.343246 0.918492
10.347555 0.916483
10.351865 0.914475
10.356176 0.912468
10.360487 0.910462
10.364800 0.908457
10.369113 0.906453
10.373428 0.904450
10.377743 0.902448
10.382059 0.900447
10.386376 0.898447
10.390694 0.896449
10.395013 0.894451
10.399333 0.892454
10.403653 0.890458
10.407975 0.888464
10.412297 0.886470
10.416621 0.884478
10.420945 0.882487
10.425270 0.880496
10.429597 0.878507
10.433924 0.876519
10.438252 0.874532
10.442581 0.872546
10.446912 0.870561
10.451243 0.868577
10.455575 0.866595
10.459908 0.864613
10.464242 0.862633
10.468577 0.860654
10.472913 0.858675
10.477250 0.856699
10.481588 0.854723
10.485927 0.852748
10.490267 0.850775
10.494608 0.848802
10.498951 0.846831
10.503294 0.844861
10.507638 0.842892
10.511983 0.840925
10.516330 0.838958
10.520677 0.836993
10.525025 0.835029
10.529375 0.833066
10.533725 0.831104
10.538077 0.829144
10.542430 0.827185
10.546784 0.825227
10.551138 0.823270
10.555494 0.821314
10.559851 0.819360
10.564210 0.817407
10.568569 0.815455
10.572929 0.813505
10.577291 0.811556
10.581653 0.809608
10.586017 0.807661
10.590382 0.805715
10.594748 0.803771
10.599115 0.801828
10.603484 0.799887
10.607853 0.797946
10.612224 0.796008
10.616596 0.794070
10.620968 0.792133
10.625343 0.790198
10.629718 0.788265
10.634094 0.786332
10.638472 0.784401
10.642851 0.782471
10.647231 0.780543
10.651612 0.778616
10.655995 0.776690
10.660378 0.774766
10.664763 0.772843
10.669149 0.770922
10.673537 0.769001
10.677925 0.767083
10.682315 0.765165
10.686706 0.763249
10.691098 0.761335
10.695492 0.759422
10.699886 0.757511
10.704282 0.755601
10.708679 0.753693
10.713078 0.751786
10.717477 0.749882
10.721878 0.747979
10.726280 0.746077
10.730683 0.744178
10.735087 0.742280
10.739492 0.740384
10.743899 0.738491
10.748307 0.736599
10.752715 0.734709
10.757126 0.732820
10.761537 0.730934
10.765949 0.729050
10.770363 0.727168
10.774778 0.725289
10.779193 0.723411
10.783611 0.721535
10.788029 0.719662
10.792448 0.717791
10.796869 0.715922
10.801290 0.714056
10.805713 0.712192
10.810137 0.710330
10.814562 0.708471
10.818988 0.706614
10.823415 0.704759
10.827844 0.702907
10.832273 0.701058
10.836704 0.699211
10.841136 0.697367
10.845568 0.695525
10.850002 0.693686
10.854437 0.691850
10.858873 0.690017
10.863311 0.688186
10.867749 0.686358
10.872188 0.684533
10.876629 0.682710
10.881071 0.680891
10.885513 0.679074
10.889957 0.677261
10.894402 0.675450
10.898848 0.673643
10.903295 0.671838
10.907743 0.670037
10.912192 0.668239
10.916642 0.666444
10.921093 0.664652
10.925545 0.662863
10.929999 0.661077
10.934453 0.659295
10.938908 0.657516
10.943365 0.655741
10.947822 0.653968
10.952281 0.652200
10.956740 0.650434
10.961201 0.648672
10.965662 0.646914
10.970125 0.645159
10.974589 0.643408
10.979053 0.641660
10.983519 0.639916
10.987986 0.638176
10.992453 0.636439
10.996922 0.634706
11.001392 0.632977
11.005862 0.631252
11.010334 0.629530
11.014806 0.627813
11.019280 0.626099
11.023755 0.624389
11.028230 0.622683
11.032707 0.620981
11.037184 0.619283
11.041663 0.617589
11.046142 0.615899
11.050623 0.614214
11.055104 0.612532
11.059587 0.610855
11.064070 0.609182
11.068554 0.607513
11.073039 0.605849
11.077526 0.604188
11.082013 0.602532
11.086501 0.600881
11.090990 0.599234
11.095480 0.597591
11.099971 0.595953
11.104462 0.594319
11.108955 0.592690
11.113449 0.591065
11.117943 0.589445
11.122439 0.587830
11.126935 0.586219
11.131433 0.584613
11.135931 0.583012
11.140430 0.581416
11.144930 0.579824
11.149431 0.578237
11.153933 0.576655
11.158435 0.575078
11.162939 0.573506
11.167443 0.571939
11.171949 0.570377
11.176455 0.568819
11.180962 0.567267
11.185470 0.565720
11.189979 0.564178
11.194489 0.562642
11.198999 0.561110
11.203511 0.559584
11.208023 0.558063
11.212536 0.556547
11.217050 0.555036
11.221565 0.553531
11.226080 0.552031
11.230597 0.550537
11.235114 0.549048
11.239633 0.547565
11.244152 0.546087
11.248672 0.544614
11.253192 0.543148
11.257714 0.541687
11.262236 0.540231
11.266759 0.538781
11.271283 0.537337
11.275808 0.535898
11.280334 0.534466
11.284860 0.533039
11.289387 0.531618
11.293915 0.530203
11.298444 0.528794
11.302973 0.527390
11.307504 0.525993
11.312035 0.524601
11.316567 0.523216
11.321100 0.521837
11.325633 0.520464
11.330167 0.519097
11.334702 0.517736
11.339238 0.516381
11.343775 0.515033
11.348312 0.513690
11.352850 0.512354
11.357389 0.511025
11.361929 0.509701
11.366469 0.508385
11.371010 0.507074
11.375552 0.505770
11.380094 0.504473
11.384638 0.503182
11.389182 0.501897
11.393727 0.500619
11.398272 0.499348
11.402818 0.498083
11.407365 0.496825
11.411913 0.495574
11.416461 0.494329
11.421010 0.493092
11.425560 0.491861
11.430111 0.490637
11.434662 0.489419
11.439214 0.488209
11.443766 0.487006
11.448320 0.485809
11.452874 0.484620
11.457428 0.483437
11.461984 0.482262
11.466540 0.481094
11.471096 0.479933
11.475654 0.478779
11.480212 0.477632
11.484771 0.476493
11.489330 0.475360
11.493890 0.474235
11.498451 0.473118
11.503012 0.472007
11.507574 0.470904
11.512137 0.469809
11.516700 0.468721
11.521264 0.467640
11.525829 0.466567
11.530394 0.465502
11.534960 0.464444
11.539526 0.463394
11.544094 0.462351
11.548661 0.461316
11.553230 0.460289
11.557799 0.459269
11.562368 0.458258
11.566939 0.457254
11.571509 0.456258
11.576081 0.455269
11.580653 0.454289
11.585226 0.453317
11.589799 0.452352
11.594373 0.451396
11.598947 0.450448
11.603522 0.449507
11.608098 0.448575
11.612674 0.447651
11.617251 0.446735
11.621828 0.445828
11.626406 0.444928
11.630984 0.444037
11.635563 0.443154
11.640143 0.442279
11.644723 0.441413
11.649304 0.440555
11.653885 0.439706
11.658467 0.438865
11.663049 0.438033
11.667632 0.437209
11.672216 0.436393
11.676800 0.435587
11.681384 0.434788
11.685969 0.433999
11.690555 0.433218
11.695141 0.432446
11.699728 0.431682
11.704315 0.430928
11.708903 0.430182
11.713491 0.429445
11.718080 0.428717
11.722669 0.427998
11.727259 0.427288
11.731849 0.426586
11.736440 0.425894
11.741031 0.425211
11.745623 0.424537
11.750215 0.423872
11.754807 0.423216
11.759401 0.422569
11.763994 0.421932
11.768588 0.421303
11.773183 0.420684
11.777778 0.420075
11.782374 0.419474
11.786970 0.418883
11.791566 0.418302
11.796163 0.417729
11.800760 0.417167
11.805358 0.416613
11.809956 0.416070
11.814555 0.415536
11.819154 0.415011
11.823754 0.414496
11.828354 0.413991
11.832954 0.413495
11.837555 0.413009
11.842157 0.412533
11.846758 0.412067
11.851361 0.411610
11.855963 0.411163
11.860566 0.410727
11.865170 0.410300
11.869773 0.409883
11.874377 0.409476
11.878982 0.409079
11.883587 0.408692
11.888192 0.408315
11.892797 0.407949
11.897403 0.407592
11.902009 0.407246
11.906615 0.406910
11.911221 0.406584
11.915828 0.406269
11.920435 0.405964
11.925042 0.405669
11.929649 0.405385
11.934257 0.405111
11.938864 0.404847
11.943472 0.404594
11.948080 0.404352
11.952688 0.404120
11.957296 0.403899
11.961904 0.403689
11.966512 0.403489
11.971121 0.403300
11.975729 0.403122
11.980338 0.402955
11.984946 0.402798
11.989554 0.402652
11.994163 0.402517
11.998771 0.402394
12.003380 0.402281
12.007988 0.402179
12.012596 0.402088
12.017204 0.402008
12.021813 0.401940
12.026421 0.401882
12.031028 0.401836
12.035636 0.401801
12.040244 0.401777
12.044851 0.401765
12.049458 0.401763
12.054066 0.401774
12.058672 0.401795
12.063279 0.401828
12.067885 0.401873
12.072492 0.401929
12.077098 0.401996
12.081703 0.402075
12.086309 0.402166
12.090914 0.402269
12.095518 0.402383
12.100123 0.402509
12.104727 0.402646
12.109331 0.402795
12.113934 0.402957
12.118537 0.403130
12.123139 0.403315
12.127742 0.403511
12.132343 0.403720
12.136945 0.403941
12.141545 0.404174
12.146146 0.404419
12.150746 0.404676
12.155345 0.404945
12.159944 0.405226
12.164542 0.405520
12.169140 0.405826
12.173737 0.406144
12.178334 0.406474
12.182930 0.406817
12.187526 0.407172
12.192121 0.407540
12.196715 0.407920
12.201309 0.408312
12.205902 0.408718
12.210494 0.409135
12.215086 0.409565
12.219677 0.410008
12.224267 0.410464
12.228856 0.410932
12.233445 0.411413
12.238033 0.411907
12.242621 0.412413
12.247207 0.412933
12.251793 0.413465
12.256378 0.414010
12.260962 0.414569
12.265545 0.415140
12.270128 0.415724
12.274709 0.416321
12.279290 0.416932
12.283870 0.417555
12.288449 0.418192
12.293027 0.418842
12.297604 0.419505
12.302180 0.420181
12.306755 0.420871
12.311330 0.421574
12.315903 0.422290
12.320475 0.423020
12.325046 0.423763
12.329617 0.424520
12.334186 0.425290
12.338754 0.426074
12.343321 0.426871
12.347887 0.427682
12.352452 0.428507
12.357016 0.429345
12.361578 0.430197
12.366140 0.431063
12.370700 0.431943
12.375259 0.432836
12.379817 0.433744
12.384374 0.434665
12.388930 0.435600
12.393484 0.436549
12.398037 0.437512
12.402589 0.438490
12.407140 0.439481
12.411689 0.440486
12.416237 0.441506
12.420784 0.442540
12.425329 0.443588
12.429874 0.444650
12.434416 0.445726
12.438958 0.446817
12.443498 0.447922
12.448036 0.449042
12.452574 0.450176
12.457109 0.451325
12.461644 0.452488
12.466177 0.453665
12.470708 0.454857
12.475238 0.456064
12.479767 0.457286
12.484294 0.458522
12.488819 0.459773
12.493343 0.461038
12.497866 0.462318
12.502387 0.463614
12.506906 0.464924
12.511424 0.466249
12.515940 0.467588
12.520454 0.468943
12.524967 0.470313
12.529479 0.471698
12.533988 0.473098
12.538496 0.474513
12.543002 0.475943
12.547507 0.477388
12.552010 0.478849
12.556511 0.480325
12.561010 0.481816
12.565508 0.483322
12.570004 0.484844
12.574498 0.486381
12.578990 0.487934
12.583481 0.489502
12.587970 0.491085
12.592456 0.492684
12.596941 0.494299
12.601424 0.495929
12.605906 0.497575
12.610385 0.499236
12.614863 0.500913
12.619338 0.502606
12.623812 0.504315
12.628283 0.506040
12.632753 0.507780
12.637221 0.509536
12.641687 0.511308
12.646150 0.513096
12.650612 0.514900
12.655072 0.516721
12.659529 0.518557
12.663985 0.520409
12.668438 0.522277
12.672890 0.524162
12.677339 0.526063
12.681786 0.527980
12.686231 0.529913
12.690674 0.531863
12.695115 0.533828
12.699554 0.535811
12.703990 0.537809
12.708425 0.539824
12.712857 0.541856
12.717286 0.543904
12.721714 0.545969
12.726139 0.548050
12.730562 0.550148
12.734983 0.552263
12.739401 0.554394
12.743818 0.556542
12.748231 0.558706
12.752643 0.560888
12.757052 0.563086
12.761459 0.565301
12.765863 0.567534
12.770265 0.569783
12.774665 0.572049
12.779062 0.574332
12.783457 0.576632
12.787849 0.578949
12.792239 0.581283
12.796626 0.583635
12.801011 0.586003
12.805393 0.588389
12.809773 0.590792
12.814151 0.593212
12.818525 0.595650
12.822898 0.598105
12.827267 0.600578
12.831634 0.603068
12.835999 0.605575
12.840361 0.608100
12.844720 0.610642
12.849076 0.613202
12.853430 0.615780
12.857781 0.618375
12.862130 0.620988
12.866476 0.623618
12.870819 0.626267
12.875159 0.628933
12.879497 0.631617
12.883832 0.634319
12.888164 0.637038
12.892493 0.639776
12.896820 0.642532
12.901143 0.645305
12.905464 0.648097
12.909782 0.650907
12.914098 0.653734
12.918410 0.656580
12.922719 0.659444
12.927026 0.662327
12.931330 0.665227
12.935630 0.668146
12.939928 0.671083
12.944223 0.674039
12.948515 0.677013
12.952804 0.680005
12.957090 0.683016
12.961373 0.686045
12.965653 0.689093
12.969929 0.692159
12.974203 0.695244
12.978474 0.698348
12.982742 0.701470
12.987006 0.704611
12.991268 0.707770
12.995526 0.710949
12.999781 0.714146
13.004033 0.717362
13.008282 0.720597
13.012528 0.723851
