9.086653 1.785897
9.088410 1.784527
9.090161 1.783170
9.091906 1.781825
9.093645 1.780493
9.095378 1.779172
9.097106 1.777864
9.098828 1.776567
9.100545 1.775283
9.102257 1.774010
9.103964 1.772748
9.105667 1.771498
9.107365 1.770259
9.109058 1.769031
9.110748 1.767814
9.112433 1.766608
9.114115 1.765412
9.115793 1.764228
9.117468 1.763054
9.119140 1.761890
9.120808 1.760736
9.122474 1.759592
9.124137 1.758459
9.125797 1.757335
9.127455 1.756221
9.129111 1.755116
9.130765 1.754021
9.132417 1.752935
9.134068 1.751859
9.135717 1.750791
9.137365 1.749733
9.139012 1.748683
9.140658 1.747642
9.142303 1.746609
9.143948 1.745585
9.145592 1.744569
9.147236 1.743562
9.148880 1.742562
9.150525 1.741570
9.152170 1.740586
9.153815 1.739610
9.155461 1.738641
9.157108 1.737680
9.158756 1.736726
9.160406 1.735779
9.162057 1.734839
9.163709 1.733906
9.165364 1.732980
9.167020 1.732060
9.168679 1.731147
9.170339 1.730240
9.172003 1.729339
9.173669 1.728445
9.175338 1.727556
9.177010 1.726674
9.178686 1.725797
9.180365 1.724926
9.182047 1.724060
9.183734 1.723199
9.185424 1.722344
9.187119 1.721494
9.188818 1.720649
9.190521 1.719808
9.192229 1.718973
9.193942 1.718141
9.195660 1.717315
9.197384 1.716492
9.199112 1.715674
9.200847 1.714860
9.202587 1.714050
9.204333 1.713244
9.206086 1.712441
9.207844 1.711642
9.209609 1.710846
9.211381 1.710054
9.213160 1.709265
9.214946 1.708478
9.216739 1.707695
9.218540 1.706914
9.220348 1.706137
9.222164 1.705361
9.223988 1.704588
9.225820 1.703818
9.227660 1.703049
9.229509 1.702283
9.231366 1.701518
9.233233 1.700755
9.235108 1.699994
9.236993 1.699234
9.238887 1.698475
9.240791 1.697718
9.242704 1.696962
9.244628 1.696207
9.246561 1.695453
9.248505 1.694699
9.250460 1.693947
9.252425 1.693194
9.254401 1.692442
9.256388 1.691690
9.258386 1.690938
9.260395 1.690187
9.262416 1.689435
9.264449 1.688682
9.266494 1.687930
9.268551 1.687176
9.270620 1.686422
9.272702 1.685668
9.274797 1.684912
9.276904 1.684155
9.279024 1.683397
9.281157 1.682638
9.283304 1.681877
9.285465 1.681115
9.287639 1.680351
9.289827 1.679585
9.292029 1.678817
9.294246 1.678047
9.296477 1.677275
9.298722 1.676501
9.300983 1.675724
9.303258 1.674944
9.305549 1.674162
9.307855 1.673377
9.310176 1.672588
9.312514 1.671797
9.314867 1.671003
9.317236 1.670205
9.319622 1.669403
9.322024 1.668598
9.324442 1.667789
9.326878 1.666977
9.329330 1.666160
9.331800 1.665339
9.334287 1.664514
9.336791 1.663685
9.339314 1.662851
9.341854 1.662012
9.344412 1.661168
9.346989 1.660320
9.349584 1.659466
9.352197 1.658608
9.354830 1.657744
9.357481 1.656875
9.360151 1.656000
9.362841 1.655119
9.365551 1.654233
9.368280 1.653340
9.371029 1.652442
9.373798 1.651537
9.376587 1.650626
9.379397 1.649709
9.382227 1.648785
9.385078 1.647854
9.387950 1.646917
9.390844 1.645972
9.393758 1.645021
9.396694 1.644062
9.399652 1.643096
9.402632 1.642122
9.405633 1.641141
9.408657 1.640152
9.411702 1.639156
9.414769 1.638152
9.417857 1.637141
9.420966 1.636122
9.424096 1.635095
9.427247 1.634062
9.430418 1.633020
9.433610 1.631972
9.436822 1.630916
9.440054 1.629852
9.443306 1.628781
9.446578 1.627703
9.449869 1.626618
9.453179 1.625525
9.456509 1.624425
9.459857 1.623318
9.463225 1.622203
9.466610 1.621082
9.470015 1.619953
9.473437 1.618817
9.476877 1.617673
9.480336 1.616523
9.483811 1.615366
9.487305 1.614201
9.490816 1.613030
9.494343 1.611851
9.497888 1.610666
9.501449 1.609473
9.505027 1.608274
9.508622 1.607067
9.512232 1.605854
9.515859 1.604633
9.519501 1.603406
9.523159 1.602172
9.526833 1.600931
9.530522 1.599683
9.534226 1.598429
9.537944 1.597167
9.541678 1.595899
9.545426 1.594624
9.549188 1.593343
9.552965 1.592054
9.556756 1.590759
9.560560 1.589458
9.564378 1.588150
9.568210 1.586835
9.572054 1.585513
9.575912 1.584185
9.579783 1.582851
9.583666 1.581510
9.587562 1.580162
9.591471 1.578808
9.595391 1.577447
9.599324 1.576080
9.603268 1.574707
9.607224 1.573327
9.611191 1.571941
9.615170 1.570548
9.619159 1.569149
9.623160 1.567744
9.627171 1.566332
9.631193 1.564914
9.635225 1.563490
9.639267 1.562060
9.643319 1.560623
9.647381 1.559181
9.651453 1.557732
9.655534 1.556277
9.659624 1.554815
9.663723 1.553348
9.667832 1.551875
9.671948 1.550395
9.676074 1.548910
9.680208 1.547418
9.684349 1.545920
9.688499 1.544417
9.692657 1.542907
9.696822 1.541392
9.700994 1.539871
9.705174 1.538343
9.709361 1.536810
9.713555 1.535271
9.717755 1.533726
9.721962 1.532176
9.726175 1.530619
9.730394 1.529057
9.734620 1.527489
9.738851 1.525915
9.743087 1.524336
9.747329 1.522751
9.751576 1.521160
9.755829 1.519564
9.760086 1.517962
9.764347 1.516354
9.768614 1.514741
9.772884 1.513122
9.777159 1.511497
9.781437 1.509868
9.785719 1.508232
9.790005 1.506591
9.794295 1.504945
9.798587 1.503293
9.802882 1.501636
9.807181 1.499974
9.811482 1.498306
9.815785 1.496632
9.820091 1.494954
9.824398 1.493270
9.828708 1.491581
9.833020 1.489886
9.837332 1.488187
9.841647 1.486482
9.845962 1.484771
9.850279 1.483056
9.854596 1.481336
9.858914 1.479610
9.863233 1.477879
9.867551 1.476143
9.871870 1.474402
9.876189 1.472656
9.880507 1.470905
9.884826 1.469149
9.889144 1.467388
9.893463 1.465622
9.897781 1.463851
9.902099 1.462076
9.906418 1.460295
9.910736 1.458509
9.915054 1.456719
9.919372 1.454924
9.923690 1.453124
9.928008 1.451319
9.932327 1.449510
9.936645 1.447695
9.940963 1.445876
9.945281 1.444053
9.949599 1.442225
9.953918 1.440392
9.958236 1.438555
9.962554 1.436713
9.966873 1.434866
9.971191 1.433015
9.975510 1.431160
9.979829 1.429300
9.984147 1.427435
9.988466 1.425567
9.992785 1.423693
9.997104 1.421816
10.001424 1.419934
10.005743 1.418048
10.010063 1.416157
10.014382 1.414263
10.018702 1.412364
10.023022 1.410461
10.027343 1.408553
10.031663 1.406642
10.035984 1.404726
10.040305 1.402806
10.044626 1.400882
10.048947 1.398954
10.053269 1.397022
10.057590 1.395086
10.061912 1.393146
10.066235 1.391203
10.070557 1.389255
10.074880 1.387303
10.079203 1.385347
10.083527 1.383388
10.087850 1.381424
10.092174 1.379457
10.096499 1.377486
10.100823 1.375511
10.105148 1.373533
10.109473 1.371551
10.113799 1.369565
10.118125 1.367575
10.122452 1.365582
10.126778 1.363585
10.131105 1.361585
10.135433 1.359581
10.139761 1.357573
10.144089 1.355562
10.148418 1.353547
10.152747 1.351529
10.157076 1.349508
10.161406 1.347483
10.165737 1.345455
10.170068 1.343423
10.174399 1.341388
10.178731 1.339350
10.183063 1.337308
10.187396 1.335264
10.191729 1.333215
10.196063 1.331164
10.200397 1.329110
10.204732 1.327052
10.209067 1.324991
10.213403 1.322927
10.217740 1.320860
10.222077 1.318790
10.226414 1.316717
10.230752 1.314641
10.235091 1.312562
10.239430 1.310479
10.243770 1.308394
10.248110 1.306306
10.252452 1.304215
10.256793 1.302122
10.261135 1.300025
10.265478 1.297926
10.269822 1.295823
10.274166 1.293718
10.278511 1.291611
10.282857 1.289500
10.287203 1.287387
10.291550 1.285271
10.295897 1.283153
10.300245 1.281031
10.304594 1.278908
10.308944 1.276781
10.313294 1.274653
10.317646 1.272521
10.321997 1.270387
10.326350 1.268251
10.330703 1.266112
10.335058 1.263971
10.339413 1.261827
10.343768 1.259681
10.348125 1.257533
10.352482 1.255383
10.356840 1.253230
10.361199 1.251074
10.365559 1.248917
10.369919 1.246757
10.374281 1.244595
10.378643 1.242431
10.383006 1.240265
10.387370 1.238097
10.391735 1.235926
10.396100 1.233754
10.400467 1.231579
10.404834 1.229403
10.409203 1.227224
10.413572 1.225043
10.417942 1.222861
10.422313 1.220676
10.426685 1.218490
10.431058 1.216302
10.435432 1.214112
10.439807 1.211920
10.444183 1.209726
10.448560 1.207531
10.452938 1.205333
10.457316 1.203134
10.461696 1.200934
10.466077 1.198731
10.470459 1.196527
10.474842 1.194322
10.479226 1.192114
10.483611 1.189906
10.487996 1.187695
10.492384 1.185483
10.496772 1.183270
10.501161 1.181055
10.505551 1.178839
10.509942 1.176621
10.514335 1.174402
10.518728 1.172181
10.523123 1.169959
10.527519 1.167736
10.531916 1.165511
10.536314 1.163286
10.540713 1.161059
10.545113 1.158830
10.549515 1.156601
10.553918 1.154370
10.558321 1.152138
10.562727 1.149905
10.567133 1.147671
10.571540 1.145436
10.575949 1.143200
10.580359 1.140962
10.584770 1.138724
10.589182 1.136485
10.593596 1.134245
10.598011 1.132004
10.602427 1.129762
10.606844 1.127519
10.611263 1.125275
10.615683 1.123030
10.620104 1.120785
10.624527 1.118539
10.628950 1.116292
10.633376 1.114044
10.637802 1.111795
10.642230 1.109546
10.646659 1.107297
10.651090 1.105046
10.655522 1.102795
10.659955 1.100544
10.664389 1.098291
10.668825 1.096039
10.673263 1.093786
10.677702 1.091532
10.682142 1.089278
10.686583 1.087023
10.691026 1.084768
10.695471 1.082513
10.699917 1.080257
10.704364 1.078001
10.708813 1.075745
10.713263 1.073488
10.717715 1.071231
10.722168 1.068974
10.726623 1.066716
10.731079 1.064459
10.735537 1.062201
10.739996 1.059943
10.744457 1.057685
10.748919 1.055427
10.753383 1.053169
10.757849 1.050911
10.762316 1.048653
10.766784 1.046395
10.771254 1.044136
10.775726 1.041878
10.780199 1.039620
10.784674 1.037363
10.789150 1.035105
10.793628 1.032847
10.798108 1.030590
10.802589 1.028333
10.807072 1.026076
10.811557 1.023819
10.816043 1.021563
10.820531 1.019307
10.825021 1.017051
10.829512 1.014795
10.834005 1.012540
10.838499 1.010286
10.842996 1.008032
10.847494 1.005778
10.851994 1.003525
10.856495 1.001272
10.860998 0.999020
10.865503 0.996768
10.870010 0.994517
10.874518 0.992267
10.879029 0.990017
10.883541 0.987768
10.888054 0.985519
10.892570 0.983272
10.897087 0.981025
10.901607 0.978778
10.906128 0.976533
10.910651 0.974288
10.915175 0.972044
10.919702 0.969801
10.924230 0.967559
10.928760 0.965318
10.933292 0.963078
10.937826 0.960839
10.942362 0.958600
10.946900 0.956363
10.951439 0.954127
10.955981 0.951891
10.960524 0.949657
10.965070 0.947424
10.969617 0.945192
10.974166 0.942962
10.978717 0.940732
10.983271 0.938504
10.987825 0.936277
10.992382 0.934051
10.996941 0.931827
11.001501 0.929605
11.006064 0.927384
11.010628 0.925165
11.015194 0.922947
11.019762 0.920731
11.024332 0.918517
11.028903 0.916304
11.033476 0.914094
11.038051 0.911885
11.042628 0.909678
11.047207 0.907474
11.051787 0.905271
11.056369 0.903071
11.060953 0.900873
11.065539 0.898677
11.070126 0.896483
11.074715 0.894292
11.079305 0.892103
11.083898 0.889916
11.088492 0.887733
11.093087 0.885551
11.097684 0.883372
11.102283 0.881196
11.106884 0.879023
11.111486 0.876852
11.116090 0.874685
11.120695 0.872520
11.125302 0.870358
11.129911 0.868199
11.134521 0.866043
11.139132 0.863890
11.143745 0.861740
11.148360 0.859594
11.152976 0.857451
11.157594 0.855311
11.162213 0.853174
11.166834 0.851041
11.171456 0.848912
11.176080 0.846785
11.180705 0.844663
11.185332 0.842544
11.189960 0.840429
11.194589 0.838317
11.199220 0.836209
11.203853 0.834105
11.208486 0.832005
11.213121 0.829909
11.217758 0.827817
11.222396 0.825729
11.227035 0.823645
11.231676 0.821565
11.236318 0.819490
11.240961 0.817419
11.245605 0.815352
11.250251 0.813289
11.254899 0.811231
11.259547 0.809177
11.264197 0.807128
11.268848 0.805083
11.273500 0.803043
11.278154 0.801008
11.282809 0.798977
11.287465 0.796952
11.292122 0.794931
11.296780 0.792915
11.301440 0.790904
11.306101 0.788898
11.310763 0.786897
11.315426 0.784901
11.320090 0.782910
11.324756 0.780925
11.329423 0.778945
11.334090 0.776970
11.338759 0.775000
11.343429 0.773036
11.348100 0.771078
11.352772 0.769124
11.357446 0.767177
11.362120 0.765235
11.366795 0.763299
11.371472 0.761369
11.376149 0.759444
11.380828 0.757526
11.385507 0.755613
11.390188 0.753706
11.394869 0.751805
11.399552 0.749910
11.404235 0.748022
11.408920 0.746139
11.413605 0.744263
11.418291 0.742393
11.422979 0.740530
11.427667 0.738672
11.432356 0.736822
11.437046 0.734977
11.441737 0.733140
11.446429 0.731309
11.451121 0.729484
11.455815 0.727666
11.460509 0.725856
11.465204 0.724051
11.469901 0.722254
11.474597 0.720464
11.479295 0.718680
11.483994 0.716904
11.488693 0.715135
11.493393 0.713372
11.498094 0.711617
11.502795 0.709870
11.507498 0.708129
11.512201 0.706396
11.516905 0.704670
11.521609 0.702952
11.526315 0.701241
11.531020 0.699538
11.535727 0.697843
11.540434 0.696155
11.545142 0.694475
11.549851 0.692802
11.554560 0.691137
11.559270 0.689481
11.563981 0.687832
11.568692 0.686191
11.573404 0.684558
11.578116 0.682934
11.582829 0.681317
11.587543 0.679709
11.592257 0.678109
11.596972 0.676517
11.601687 0.674933
11.606403 0.673358
11.611119 0.671792
11.615836 0.670234
11.620553 0.668684
11.625271 0.667143
11.629990 0.665611
11.634708 0.664088
11.639428 0.662573
11.644147 0.661067
11.648868 0.659570
11.653588 0.658082
11.658309 0.656603
11.663031 0.655133
11.667753 0.653672
11.672475 0.652221
11.677198 0.650778
11.681921 0.649345
11.686644 0.647921
11.691368 0.646506
11.696092 0.645101
11.700816 0.643705
11.705541 0.642319
11.710266 0.640942
11.714991 0.639576
11.719717 0.638218
11.724443 0.636871
11.729169 0.635533
11.733896 0.634205
11.738622 0.632887
11.743349 0.631579
11.748077 0.630281
11.752804 0.628993
11.757532 0.627715
11.762260 0.626447
11.766988 0.625190
11.771716 0.623942
11.776444 0.622705
11.781173 0.621479
11.785901 0.620263
11.790630 0.619057
11.795359 0.617862
11.800088 0.616677
11.804818 0.615503
11.809547 0.614340
11.814276 0.613188
11.819006 0.612046
11.823735 0.610915
11.828465 0.609795
11.833195 0.608686
11.837924 0.607588
11.842654 0.606502
11.847384 0.605426
11.852114 0.604361
11.856843 0.603308
11.861573 0.602266
11.866303 0.601235
11.871032 0.600216
11.875762 0.599208
11.880492 0.598211
11.885221 0.597227
11.889951 0.596253
11.894680 0.595292
11.899409 0.594342
11.904139 0.593403
11.908868 0.592477
11.913597 0.591563
11.918325 0.590660
11.923054 0.589769
11.927783 0.588891
11.932511 0.588024
11.937239 0.587170
11.941967 0.586328
11.946695 0.585498
11.951423 0.584680
11.956150 0.583875
11.960877 0.583082
11.965604 0.582301
11.970331 0.581533
11.975057 0.580778
11.979783 0.580035
11.984509 0.579305
11.989235 0.578587
11.993960 0.577882
11.998685 0.577190
12.003410 0.576511
12.008134 0.575845
12.012858 0.575192
12.017582 0.574552
12.022305 0.573925
12.027028 0.573311
12.031751 0.572711
12.036473 0.572123
12.041195 0.571549
12.045916 0.570988
12.050637 0.570441
12.055357 0.569907
12.060078 0.569386
12.064797 0.568880
12.069516 0.568386
12.074235 0.567907
12.078953 0.567441
12.083671 0.566989
12.088388 0.566551
12.093105 0.566126
12.097821 0.565716
12.102537 0.565319
12.107252 0.564937
12.111967 0.564569
12.116681 0.564215
12.121394 0.563875
12.126107 0.563549
12.130819 0.563237
12.135531 0.562940
12.140242 0.562658
12.144953 0.562390
12.149662 0.562136
12.154372 0.561897
12.159080 0.561673
12.163788 0.561463
12.168495 0.561268
12.173202 0.561088
12.177908 0.560922
12.182613 0.560772
12.187317 0.560636
12.192021 0.560515
12.196724 0.560410
12.201426 0.560320
12.206127 0.560244
12.210828 0.560184
12.215528 0.560139
12.220227 0.560110
12.224925 0.560096
12.229623 0.560097
12.234320 0.560114
12.239016 0.560146
12.243711 0.560194
12.248405 0.560258
12.253098 0.560337
12.257791 0.560432
12.262482 0.560543
12.267173 0.560669
12.271863 0.560812
12.276552 0.560970
12.281240 0.561145
12.285927 0.561335
12.290613 0.561542
12.295298 0.561765
12.299982 0.562004
12.304666 0.562259
12.309348 0.562531
12.314029 0.562819
12.318710 0.563123
12.323389 0.563444
12.328067 0.563782
12.332744 0.564136
12.337421 0.564507
12.342096 0.564894
12.346770 0.565298
12.351443 0.565719
12.356115 0.566157
12.360786 0.566612
12.365456 0.567083
12.370124 0.567572
12.374792 0.568078
12.379458 0.568601
12.384123 0.569141
12.388787 0.569698
12.393450 0.570273
12.398112 0.570865
12.402773 0.571474
12.407432 0.572101
12.412090 0.572745
12.416747 0.573407
12.421403 0.574086
12.426058 0.574784
12.430711 0.575498
12.435363 0.576231
12.440014 0.576981
12.444663 0.577749
12.449312 0.578536
12.453959 0.579340
12.458604 0.580162
12.463249 0.581002
12.467892 0.581860
12.472533 0.582737
12.477174 0.583632
12.481812 0.584545
12.486450 0.585476
12.491086 0.586426
12.495721 0.587394
12.500355 0.588381
12.504987 0.589386
12.509617 0.590410
12.514246 0.591453
12.518874 0.592514
12.523501 0.593594
12.528125 0.594693
12.532749 0.595811
12.537371 0.596948
12.541991 0.598104
12.546610 0.599278
12.551228 0.600472
12.555844 0.601685
12.560458 0.602917
12.565071 0.604169
12.569682 0.605439
12.574292 0.606730
12.578900 0.608039
12.583507 0.609368
12.588112 0.610716
12.592715 0.612084
12.597317 0.613472
12.601917 0.614879
12.606516 0.616306
12.611112 0.617753
12.615708 0.619220
12.620301 0.620707
12.624893 0.622213
12.629484 0.623740
12.634072 0.625286
12.638659 0.626853
12.643244 0.628440
12.647828 0.630046
12.652409 0.631674
12.656989 0.633321
12.661568 0.634989
12.666144 0.636678
12.670719 0.638386
12.675292 0.640116
12.679863 0.641866
12.684432 0.643636
12.689000 0.645427
12.693565 0.647239
12.698129 0.649072
12.702691 0.650926
12.707251 0.652800
12.711810 0.654696
12.716366 0.656612
12.720920 0.658550
12.725473 0.660508
12.730024 0.662488
12.734573 0.664489
12.739120 0.666511
12.743665 0.668555
12.748208 0.670620
12.752749 0.672706
12.757288 0.674814
12.761825 0.676944
12.766360 0.679095
12.770893 0.681267
12.775424 0.683461
12.779953 0.685678
12.784481 0.687915
12.789006 0.690175
12.793529 0.692457
12.798050 0.694760
12.802569 0.697086
12.807085 0.699434
12.811600 0.701803
12.816113 0.704195
12.820623 0.706610
12.825132 0.709046
12.829638 0.711505
12.834142 0.713986
12.838644 0.716490
12.843144 0.719016
12.847642 0.721564
12.852137 0.724136
12.856630 0.726729
12.861122 0.729346
12.865610 0.731985
12.870097 0.734648
12.874582 0.737333
12.879064 0.740041
12.883544 0.742771
12.888021 0.745525
12.892497 0.748302
12.896970 0.751102
12.901441 0.753926
12.905910 0.756772
12.910376 0.759642
12.914840 0.762535
12.919301 0.765452
12.923761 0.768392
12.928218 0.771355
12.932672 0.774343
12.937124 0.777353
12.941574 0.780388
12.946021 0.783446
12.950466 0.786527
12.954909 0.789633
12.959349 0.792763
12.963787 0.795916
12.968222 0.799093
12.972655 0.802295
12.977086 0.805520
12.981513 0.808770
12.985939 0.812044
12.990362 0.815342
12.994782 0.818664
12.999200 0.822011
13.003616 0.825382
13.008028 0.828778
13.012439 0.832198
13.016846 0.835643
13.021252 0.839112
13.025654 0.842606
13.030054 0.846125
13.034452 0.849668
13.038847 0.853236
13.043239 0.856830
13.047628 0.860448
13.052015 0.864091
13.056400 0.867759
13.060781 0.871452
13.065160 0.875171
13.069537 0.878914
13.073910 0.882683
13.078281 0.886477
13.082649 0.890297
13.087015 0.894142
13.091378 0.898012
13.095738 0.901908
13.100095 0.905829
13.104449 0.909776
13.108801 0.913749
13.113150 0.917748
13.117496 0.921772
13.121840 0.925822
13.126180 0.929898
13.130518 0.934000
13.134853 0.938128
13.139185 0.942282
13.143514 0.946462
